name,Team,G,PA,HR,R,RBI,SB,BB%,K%,ISO,BABIP,AVG,OBP,SLG,wOBA,wRC+,BsR,Off,Def,WAR,playeridMike Trout,Angels,157,705,36,115,111,16,11.80%,26.10%,0.274,0.349,0.287,0.377,0.561,0.402,167,6.2,57.8,-4.5,8.3,10155Andrew McCutchen,Pirates,146,648,25,89,83,18,13.00%,17.70%,0.228,0.355,0.314,0.41,0.542,0.412,168,1.5,51.3,-3.4,7.4,9847Giancarlo Stanton,Marlins,145,638,37,89,105,13,14.70%,26.60%,0.267,0.353,0.288,0.395,0.555,0.403,161,0.2,43.8,-0.7,6.8,4949Michael Brantley,Indians,156,676,20,94,97,23,7.70%,8.30%,0.178,0.333,0.327,0.385,0.506,0.389,151,5.2,43.2,-4.9,6.5,4106Anthony Rendon,Nationals,153,683,21,111,83,17,8.50%,15.20%,0.186,0.314,0.287,0.351,0.473,0.361,130,6.8,29.8,7.9,6.4,12861Jonathan Lucroy,Brewers,153,655,13,73,69,4,10.10%,10.80%,0.164,0.324,0.301,0.373,0.465,0.368,133,-1.9,22.3,14.9,6.2,7870Jose Bautista,Blue Jays,155,673,35,101,103,6,15.50%,14.30%,0.239,0.287,0.286,0.403,0.524,0.402,160,-2.7,41.8,-6.7,6.2,1887Adrian Beltre,Rangers,148,614,19,79,77,1,9.30%,12.10%,0.168,0.345,0.324,0.388,0.492,0.38,142,-0.2,28.4,5.6,5.9,639Josh Donaldson,Athletics,158,695,29,93,98,8,10.90%,18.70%,0.201,0.278,0.255,0.342,0.456,0.351,130,-1.9,20.8,9.2,5.7,5038Carlos Gomez,Brewers,148,644,23,95,73,34,7.30%,21.90%,0.193,0.339,0.284,0.356,0.477,0.368,132,1.6,24.9,7.4,5.7,4881Robinson Cano,Mariners,157,665,14,77,82,10,9.20%,10.20%,0.139,0.335,0.314,0.382,0.454,0.361,137,1.3,28.2,1.9,5.6,3269Yasiel Puig,Dodgers,148,640,16,92,69,11,10.50%,19.40%,0.185,0.356,0.296,0.382,0.48,0.379,148,1.6,36.3,-5.5,5.5,14225Buster Posey,Giants,147,605,22,72,89,0,7.80%,11.40%,0.179,0.319,0.311,0.364,0.49,0.371,142,-3.5,25.4,6.4,5.5,9166Alex Gordon,Royals,156,643,19,87,74,12,10.10%,19.60%,0.165,0.31,0.266,0.351,0.432,0.346,120,5.5,19.9,9.4,5.4,5209Anthony Rizzo,Cubs,140,616,32,89,78,5,11.90%,18.80%,0.24,0.311,0.286,0.386,0.527,0.397,155,-0.8,37.5,-7.5,5.3,3473Jose Abreu,White Sox,145,622,36,80,107,3,8.20%,21.10%,0.264,0.356,0.317,0.383,0.581,0.411,167,-2.9,43.1,-14.6,5.3,15676Jayson Werth,Nationals,147,629,16,85,82,9,13.20%,18.00%,0.163,0.343,0.292,0.394,0.455,0.377,141,6.2,35.1,-6.2,5.3,1327Jose Altuve,Astros,158,707,7,85,59,56,5.10%,7.50%,0.112,0.36,0.341,0.377,0.453,0.363,137,4.7,33.3,-8.1,5.2,5417Miguel Cabrera,Tigers,159,685,25,101,109,1,8.80%,17.10%,0.211,0.346,0.313,0.371,0.524,0.384,148,-2,34.4,-8.8,5.2,1744Kyle Seager,Mariners,159,654,25,71,96,7,8.00%,18.00%,0.186,0.296,0.268,0.334,0.454,0.346,127,-3.8,15.4,11,5.2,9785Troy Tulowitzki,Rockies,91,375,21,71,52,1,13.30%,15.20%,0.263,0.355,0.34,0.432,0.603,0.444,170,0.2,29.8,5.6,5.1,3531Russell Martin,Pirates,111,460,11,45,67,4,12.80%,17.00%,0.14,0.336,0.29,0.402,0.43,0.37,140,-4.3,16.5,14.9,5,4616Josh Harrison,Pirates,143,550,13,77,52,18,4.00%,14.70%,0.175,0.353,0.315,0.347,0.49,0.365,137,3.4,26.2,1,4.8,8202Ben Zobrist,Rays,146,654,10,83,52,10,11.50%,12.80%,0.123,0.301,0.272,0.354,0.395,0.333,117,2.2,14.2,8,4.7,7435Jason Heyward,Braves,149,649,11,74,58,20,10.30%,15.10%,0.113,0.308,0.271,0.351,0.384,0.329,109,3.4,10.3,12.6,4.7,4940Adam Jones,Orioles,159,682,29,88,96,7,2.80%,19.50%,0.188,0.311,0.281,0.311,0.469,0.34,117,5.2,17.6,3.3,4.7,6368Howie Kendrick,Angels,157,674,7,85,75,14,7.10%,16.30%,0.104,0.347,0.293,0.347,0.397,0.328,114,0.9,11.6,9.5,4.6,4229Jhonny Peralta,Cardinals,157,628,21,61,75,3,9.20%,17.80%,0.18,0.292,0.263,0.336,0.443,0.343,120,-3.6,10.6,12.5,4.6,1738Victor Martinez,Tigers,151,641,32,87,103,3,10.90%,6.60%,0.23,0.316,0.335,0.409,0.565,0.411,168,-7.6,40,-18.7,4.6,393Todd Frazier,Reds,157,660,29,88,80,20,7.90%,21.10%,0.186,0.309,0.273,0.336,0.459,0.35,122,4.4,20.5,0.9,4.5,785Devin Mesoraco,Reds,114,440,25,54,80,1,9.30%,23.40%,0.26,0.309,0.273,0.359,0.534,0.387,147,-2.5,20.7,7.3,4.5,5666Ian Kinsler,Tigers,161,726,17,100,92,15,4.00%,10.90%,0.145,0.288,0.275,0.307,0.42,0.319,103,5.7,8.2,10.1,4.5,6195Brian Dozier,Twins,156,707,23,112,71,21,12.60%,18.20%,0.174,0.269,0.242,0.345,0.416,0.34,117,9.2,22,-3.3,4.5,9810Starling Marte,Pirates,135,545,13,73,56,30,6.10%,24.00%,0.162,0.373,0.291,0.356,0.453,0.358,132,7.8,27.5,-3,4.5,9241Steve Pearce,Orioles,102,383,21,51,49,5,10.40%,19.80%,0.263,0.322,0.293,0.373,0.556,0.404,161,1.1,26.9,2,4.5,9957Marcell Ozuna,Marlins,153,612,23,72,85,3,6.70%,26.80%,0.186,0.337,0.269,0.317,0.455,0.338,116,1.2,12.3,9.8,4.5,10324Freddie Freeman,Braves,162,708,18,93,78,3,12.70%,20.50%,0.173,0.351,0.288,0.386,0.461,0.374,140,-3.8,28,-8.8,4.4,5361Lorenzo Cain,Royals,133,502,5,55,53,28,4.80%,21.50%,0.11,0.38,0.301,0.339,0.412,0.33,109,5.1,10.3,14.4,4.4,9077Yan Gomes,Indians,135,518,21,61,74,0,4.60%,23.20%,0.194,0.326,0.278,0.313,0.472,0.34,117,0.7,10.5,12.4,4.3,9627Paul Goldschmidt,Diamondbacks,109,479,19,75,69,9,13.40%,23.00%,0.241,0.368,0.3,0.396,0.542,0.402,154,3.1,32.2,-7.8,4.3,9218Denard Span,Nationals,147,668,5,94,37,31,7.50%,9.70%,0.115,0.33,0.302,0.355,0.416,0.341,117,6.1,18.7,-0.1,4.2,8347Erick Aybar,Angels,156,641,7,77,68,16,5.60%,9.70%,0.1,0.297,0.278,0.321,0.379,0.308,101,2.6,3.2,14.8,4.2,4082Ian Desmond,Nationals,154,648,24,73,91,24,7.10%,28.20%,0.175,0.326,0.255,0.313,0.43,0.329,108,3.7,9.6,8.3,4.1,6885Neil Walker,Pirates,137,571,23,74,76,2,7.90%,15.40%,0.195,0.288,0.271,0.342,0.467,0.356,130,1.2,20.7,-0.8,4.1,7539Christian Yelich,Marlins,144,660,9,94,54,21,10.60%,20.80%,0.119,0.356,0.284,0.362,0.402,0.341,118,3.8,17.4,-0.2,4.1,11477Hunter Pence,Giants,162,708,20,106,74,13,7.30%,18.40%,0.168,0.318,0.277,0.332,0.445,0.341,122,6.1,23.4,-7.9,4,8252Danny Santana,Twins,101,430,7,70,40,20,4.40%,22.80%,0.153,0.405,0.319,0.353,0.472,0.362,132,5.5,20.6,1.5,3.9,10322Nelson Cruz,Orioles,159,678,40,87,108,4,8.10%,20.60%,0.254,0.288,0.271,0.333,0.525,0.37,137,-4.8,22.9,-9,3.9,2434J.D. Martinez,Tigers,123,480,23,57,76,6,6.30%,26.30%,0.238,0.389,0.315,0.358,0.553,0.391,154,-0.2,28,-8.4,3.8,6184Dustin Pedroia,Red Sox,135,609,7,72,53,6,8.40%,12.30%,0.098,0.307,0.278,0.337,0.376,0.318,98,-1,-2.2,17.7,3.8,8370Jose Reyes,Blue Jays,143,655,9,94,51,30,5.80%,11.10%,0.111,0.312,0.287,0.328,0.398,0.321,104,8.1,10.9,2.9,3.8,1736Jimmy Rollins,Phillies,138,609,17,78,55,28,10.50%,16.40%,0.151,0.269,0.243,0.323,0.394,0.319,103,5.4,7.7,8.3,3.8,971Hanley Ramirez,Dodgers,128,512,13,64,71,14,10.90%,16.40%,0.165,0.323,0.283,0.369,0.448,0.362,136,0.5,21.4,-2.8,3.7,8001Justin Upton,Braves,154,641,29,77,102,8,9.40%,26.70%,0.221,0.332,0.27,0.342,0.491,0.363,133,1.1,24.7,-10.1,3.7,5222Chase Utley,Phillies,155,664,11,74,78,10,8.00%,12.80%,0.138,0.295,0.27,0.339,0.407,0.325,107,6.6,11.7,2,3.7,1679Adam Eaton,White Sox,123,538,1,76,35,15,8.00%,15.40%,0.101,0.359,0.3,0.362,0.401,0.34,118,1.5,12,4.8,3.7,11205Edwin Encarnacion,Blue Jays,128,542,34,75,98,2,11.40%,15.10%,0.279,0.26,0.268,0.354,0.547,0.389,151,0.2,30.8,-14.4,3.7,2151Adrian Gonzalez,Dodgers,159,660,27,83,116,1,8.50%,17.00%,0.206,0.294,0.276,0.335,0.482,0.351,129,-2.3,19.3,-5.8,3.7,1908Evan Longoria,Rays,162,700,22,83,91,5,8.10%,19.00%,0.151,0.285,0.253,0.32,0.404,0.316,105,2.6,6.2,4.6,3.6,9368Leonys Martin,Rangers,155,583,7,68,40,31,6.70%,19.60%,0.09,0.336,0.274,0.325,0.364,0.306,91,6.7,0.8,13.6,3.6,11846Dee Gordon,Dodgers,148,650,2,92,34,64,4.80%,16.50%,0.089,0.346,0.289,0.326,0.378,0.312,102,10.2,11.9,1.1,3.6,8203Jacoby Ellsbury,Yankees,149,635,16,71,70,39,7.70%,14.60%,0.148,0.296,0.271,0.328,0.419,0.327,109,8,14.4,-2,3.5,4727Alcides Escobar,Royals,162,620,3,74,50,31,3.70%,13.40%,0.092,0.326,0.285,0.317,0.377,0.307,93,4.6,-0.3,13.1,3.5,6310Yoenis Cespedes,- - -,152,645,22,89,100,7,5.40%,19.80%,0.19,0.293,0.26,0.301,0.45,0.326,110,2.1,8.9,2.3,3.5,13110Matt Carpenter,Cardinals,158,709,8,99,59,5,13.40%,15.70%,0.103,0.318,0.272,0.375,0.375,0.339,117,-0.2,13.2,-3.5,3.4,8090Chase Headley,- - -,135,531,13,55,49,7,9.60%,23.00%,0.13,0.301,0.243,0.328,0.372,0.316,103,-1.3,0.5,14.2,3.4,4720Kole Calhoun,Angels,127,537,17,90,58,5,7.10%,19.40%,0.178,0.313,0.272,0.325,0.45,0.341,124,2,16.2,-2.4,3.4,11200Juan Uribe,Dodgers,103,404,9,36,54,0,3.70%,19.10%,0.13,0.368,0.311,0.337,0.44,0.34,122,-1.9,8,10.5,3.4,454Justin Turner,Dodgers,109,322,7,46,43,6,8.70%,18.00%,0.153,0.404,0.34,0.404,0.493,0.394,158,0.7,21.9,-1,3.4,5235Trevor Plouffe,Twins,136,582,14,69,80,2,9.10%,18.70%,0.165,0.299,0.258,0.328,0.423,0.331,111,-0.7,6.2,6.1,3.4,7462Brett Gardner,Yankees,148,636,17,87,58,21,8.80%,21.10%,0.166,0.305,0.256,0.327,0.422,0.331,112,5.4,13.8,-3.4,3.3,9927Alexei Ramirez,White Sox,158,657,15,82,74,21,3.70%,12.30%,0.135,0.292,0.273,0.305,0.408,0.314,100,1.2,1.1,8.1,3.3,5133Pablo Sandoval,Giants,157,638,16,68,73,0,6.10%,13.30%,0.136,0.3,0.279,0.324,0.415,0.323,110,-4.6,2.5,7.9,3.2,5409Luis Valbuena,Cubs,149,547,16,68,51,1,11.90%,20.70%,0.186,0.294,0.249,0.341,0.435,0.342,118,0.5,11.6,1.3,3.2,4969Carlos Ruiz,Phillies,110,445,6,43,31,4,10.30%,13.50%,0.118,0.281,0.252,0.347,0.37,0.323,106,-1.9,1.1,14.8,3.2,2579Starlin Castro,Cubs,134,569,14,58,65,4,6.20%,17.60%,0.146,0.337,0.292,0.339,0.438,0.341,117,-4.7,6.4,5.6,3.2,4579Matt Holliday,Cardinals,156,667,20,83,90,4,11.10%,15.00%,0.169,0.298,0.272,0.37,0.441,0.36,132,-2,21.8,-12.8,3.2,1873Lucas Duda,Mets,153,596,30,74,92,3,11.60%,22.70%,0.228,0.283,0.253,0.349,0.481,0.361,135,-1,22.5,-12,3.1,2502Melky Cabrera,Blue Jays,139,621,16,81,73,6,6.90%,10.80%,0.157,0.316,0.301,0.351,0.458,0.354,127,-3.4,14.9,-6.1,3.1,4022Rene Rivera,Padres,103,329,11,27,44,0,8.20%,23.10%,0.18,0.301,0.252,0.319,0.432,0.329,113,-1.9,3,14.5,3,3648J.J. Hardy,Orioles,141,569,9,56,52,0,5.10%,18.30%,0.104,0.317,0.268,0.309,0.372,0.303,90,-2.7,-8.8,17.9,3,3797Chris Iannetta,Angels,108,373,7,41,43,3,14.50%,24.40%,0.141,0.329,0.252,0.373,0.392,0.343,125,0.6,10.9,4.2,2.9,8267A.J. Pollock,Diamondbacks,75,287,7,41,24,14,6.60%,16.00%,0.196,0.344,0.302,0.353,0.498,0.372,134,2.3,13.1,4.9,2.9,9256Yadier Molina,Cardinals,110,445,7,40,38,1,6.30%,12.40%,0.104,0.307,0.282,0.333,0.386,0.317,102,-2.4,-1.4,14.6,2.9,7007Salvador Perez,Royals,150,606,17,57,70,1,3.60%,14.00%,0.144,0.278,0.26,0.289,0.403,0.303,91,-2.8,-9,16.6,2.9,7304Juan Lagares,Mets,116,452,4,46,47,13,4.40%,19.20%,0.101,0.341,0.281,0.321,0.382,0.31,101,2.1,2.3,10.2,2.9,5384Kevin Kiermaier,Rays,108,364,10,35,35,5,6.30%,19.50%,0.187,0.306,0.263,0.315,0.45,0.333,117,2,8.6,5.4,2.8,11038Scott Van Slyke,Dodgers,98,246,11,32,29,4,11.40%,28.90%,0.226,0.394,0.297,0.386,0.524,0.398,161,-0.9,15.9,2.1,2.8,4365Carlos Santana,Indians,152,660,27,68,85,5,17.10%,18.80%,0.196,0.249,0.231,0.365,0.427,0.353,126,-1.7,17.5,-13,2.8,2396Corey Dickerson,Rockies,131,478,24,74,76,8,7.70%,21.10%,0.255,0.356,0.312,0.364,0.567,0.399,140,-2,19.3,-8.5,2.8,10762Albert Pujols,Angels,159,695,28,89,105,5,6.90%,10.20%,0.194,0.265,0.272,0.324,0.466,0.34,123,-7.2,10.4,-7.3,2.7,1177Desmond Jennings,Rays,123,542,10,64,36,15,8.70%,19.90%,0.134,0.296,0.244,0.319,0.378,0.313,103,3.6,5,2.8,2.7,1965Brandon Crawford,Giants,153,564,10,54,69,5,10.50%,22.90%,0.143,0.307,0.246,0.324,0.389,0.309,101,1.9,2.2,5.7,2.7,5343Billy Hamilton,Reds,152,611,6,72,48,56,5.60%,19.10%,0.105,0.304,0.25,0.292,0.355,0.287,79,7.3,-7,13.2,2.7,10199Brandon Moss,Athletics,147,580,25,70,81,1,11.60%,26.40%,0.204,0.283,0.234,0.334,0.438,0.339,122,1.8,15.8,-9.6,2.7,4467Drew Stubbs,Rockies,132,424,15,67,43,20,7.10%,32.10%,0.193,0.404,0.289,0.339,0.482,0.358,112,4.7,10.3,1.3,2.7,9328Seth Smith,Padres,136,521,12,55,48,1,13.20%,16.70%,0.174,0.305,0.266,0.367,0.44,0.357,132,-2.5,16.3,-7.7,2.7,7331Eduardo Escobar,Twins,133,465,6,52,37,1,5.20%,20.00%,0.132,0.336,0.275,0.315,0.406,0.317,101,1.5,2.1,7.4,2.6,6153Nolan Arenado,Rockies,111,467,18,58,61,2,5.40%,12.40%,0.213,0.294,0.287,0.328,0.5,0.359,113,-1.7,4.9,4.8,2.6,9777Derek Norris,Athletics,127,442,10,46,55,2,12.20%,19.50%,0.132,0.324,0.27,0.361,0.403,0.341,123,-1.2,10.1,-0.6,2.6,6867Daniel Murphy,Mets,143,642,9,79,57,13,6.10%,13.40%,0.114,0.322,0.289,0.332,0.403,0.324,110,0.6,7.5,-3.8,2.5,4316Matt Kemp,Dodgers,150,599,25,77,89,8,8.70%,24.20%,0.22,0.345,0.287,0.346,0.506,0.369,141,-5.6,22.3,-17.5,2.5,5631David Freese,Angels,134,511,10,53,55,1,7.40%,24.30%,0.123,0.33,0.26,0.321,0.383,0.314,105,-1.7,1.1,5.6,2.5,9549Welington Castillo,Cubs,110,417,13,28,46,0,6.20%,24.50%,0.153,0.288,0.237,0.296,0.389,0.306,93,-2,-5.2,15.3,2.5,3256Carl Crawford,Dodgers,105,370,8,56,46,23,4.30%,14.90%,0.128,0.335,0.3,0.339,0.429,0.338,120,4.6,13,-2,2.4,1201Jarrod Dyson,Royals,120,290,1,33,24,36,7.60%,17.90%,0.058,0.33,0.269,0.324,0.327,0.293,84,4.6,-0.6,13.2,2.4,4866Robinson Chirinos,Rangers,93,338,13,36,40,0,5.00%,21.00%,0.176,0.265,0.239,0.29,0.415,0.31,93,-0.3,-2.8,13.8,2.4,3142Chris Coghlan,Cubs,125,432,9,50,41,7,9.00%,18.80%,0.169,0.337,0.283,0.352,0.452,0.353,126,2.2,14.6,-6.1,2.4,6878Nick Markakis,Orioles,155,710,14,81,50,4,8.70%,11.80%,0.111,0.299,0.276,0.342,0.386,0.325,106,-2.4,2.2,-3.3,2.3,5930Justin Morneau,Rockies,135,550,17,62,82,0,6.20%,10.90%,0.177,0.33,0.319,0.364,0.496,0.373,122,-3,10.5,-5.9,2.3,1737Brian McCann,Yankees,140,538,23,57,75,0,5.90%,14.30%,0.174,0.231,0.232,0.286,0.406,0.306,94,-3.3,-6.8,11,2.3,4810Manny Machado,Orioles,82,354,12,38,32,2,5.60%,19.20%,0.153,0.317,0.278,0.324,0.431,0.332,111,-2.5,1.6,8.1,2.3,11493Alex Avila,Tigers,124,457,11,44,47,0,13.30%,33.00%,0.141,0.322,0.218,0.327,0.359,0.311,98,-7.7,-8.8,15.3,2.3,7476Daniel Nava,Red Sox,113,408,4,41,37,4,8.10%,19.90%,0.091,0.336,0.27,0.346,0.361,0.319,99,2.6,2.2,5.6,2.3,5450Evan Gattis,Braves,108,401,22,41,52,0,5.50%,24.20%,0.23,0.298,0.263,0.317,0.493,0.352,125,-2.8,8.4,0,2.2,11003David Ortiz,Red Sox,142,602,35,59,104,0,12.50%,15.80%,0.255,0.256,0.263,0.355,0.517,0.369,134,-6.7,15.8,-14.3,2.2,745Rajai Davis,Tigers,134,494,8,64,51,36,4.50%,15.20%,0.119,0.32,0.282,0.32,0.401,0.319,103,6.4,8.1,-3.4,2.2,3708Brock Holt,Red Sox,106,492,4,68,29,12,6.70%,19.90%,0.1,0.349,0.281,0.331,0.381,0.317,97,4.8,3.4,0.8,2.2,9345Marlon Byrd,Phillies,154,637,25,71,85,3,5.50%,29.00%,0.181,0.341,0.264,0.312,0.445,0.33,110,-2.3,5.1,-4.7,2.1,950Josh Reddick,Athletics,109,396,12,53,54,1,7.10%,15.90%,0.182,0.289,0.264,0.316,0.446,0.334,118,2.5,10.5,-3.3,2.1,3892Dexter Fowler,Astros,116,505,8,61,35,11,13.10%,21.40%,0.122,0.351,0.276,0.375,0.399,0.347,126,3.4,17.9,-14.3,2.1,4062Mike Napoli,Red Sox,119,500,17,49,55,3,15.60%,26.60%,0.171,0.321,0.248,0.37,0.419,0.353,123,-3.3,9.2,-5.5,2.1,3057Dioner Navarro,Blue Jays,139,520,12,40,69,3,6.20%,14.60%,0.121,0.301,0.274,0.317,0.395,0.315,99,-3.5,-3.8,6,2,3179Adam LaRoche,Nationals,140,586,26,73,92,3,14.00%,18.40%,0.196,0.277,0.259,0.362,0.455,0.356,127,-5.4,12.4,-11.8,2,1904Jordy Mercer,Pirates,149,555,12,56,55,4,6.30%,16.00%,0.132,0.285,0.255,0.305,0.387,0.299,91,-0.3,-5.6,6.8,2,6547Emilio Bonifacio,- - -,110,426,3,47,24,26,6.10%,20.00%,0.086,0.324,0.259,0.305,0.345,0.289,82,5.3,-3.2,8.1,1.9,4054Asdrubal Cabrera,- - -,146,616,14,74,61,10,8.00%,17.50%,0.146,0.272,0.241,0.307,0.387,0.308,94,2.9,-1,-0.5,1.9,4962Ender Inciarte,Diamondbacks,118,447,4,54,27,19,5.60%,11.90%,0.081,0.31,0.278,0.318,0.359,0.303,86,-0.8,-7.7,11.9,1.9,4922Kurt Suzuki,Twins,131,503,3,37,61,0,6.80%,9.10%,0.095,0.31,0.288,0.345,0.383,0.324,106,-5.9,-2.6,4.2,1.9,8259Gregor Blanco,Giants,146,444,5,51,38,16,9.20%,17.30%,0.115,0.311,0.26,0.333,0.374,0.317,106,-0.3,2.4,1.7,1.9,3123Michael Saunders,Mariners,78,263,8,38,34,4,9.90%,22.40%,0.177,0.327,0.273,0.341,0.45,0.346,126,1,8.6,0.3,1.9,9981Casey McGehee,Marlins,160,691,4,56,76,4,9.70%,14.80%,0.07,0.335,0.287,0.355,0.357,0.319,104,-9.8,-7,3.3,1.9,6086Chris Carter,Astros,145,572,37,68,88,5,9.80%,31.80%,0.264,0.267,0.227,0.308,0.491,0.346,125,-0.6,15,-15.9,1.9,9911George Springer,Astros,78,345,20,45,51,5,11.30%,33.00%,0.237,0.294,0.231,0.336,0.468,0.352,129,1.3,12.4,-6.4,1.9,12856Sam Fuld,- - -,113,402,4,40,36,21,10.70%,15.70%,0.103,0.28,0.239,0.321,0.342,0.298,90,4.1,-0.2,4.4,1.9,8254Nori Aoki,Royals,132,549,1,63,43,17,7.80%,8.90%,0.075,0.314,0.285,0.349,0.36,0.32,102,2.2,3.5,-3.9,1.8,13075Kolten Wong,Cardinals,113,433,12,52,42,20,4.80%,16.40%,0.139,0.275,0.249,0.292,0.388,0.299,90,4.9,0,3.7,1.8,12532Angel Pagan,Giants,96,413,3,56,27,16,6.10%,12.80%,0.089,0.339,0.3,0.342,0.389,0.324,111,2.7,7.6,-3.4,1.8,2918Elvis Andrus,Rangers,157,685,2,72,41,27,6.70%,14.00%,0.069,0.305,0.263,0.314,0.333,0.291,80,2.1,-13,7.9,1.8,8709Mookie Betts,Red Sox,52,213,5,34,18,7,9.90%,14.60%,0.153,0.327,0.291,0.368,0.444,0.361,129,2.5,9.2,0.5,1.8,13611Ben Revere,Phillies,151,626,2,71,28,49,2.10%,7.80%,0.055,0.33,0.306,0.325,0.361,0.304,93,11.2,6.2,-8.8,1.8,4712Matt Adams,Cardinals,142,563,15,55,68,3,4.60%,20.20%,0.169,0.338,0.288,0.321,0.457,0.337,116,-0.1,9.7,-10.5,1.8,9393Scooter Gennett,Brewers,137,474,9,55,54,6,4.60%,14.10%,0.145,0.321,0.289,0.32,0.434,0.326,104,-2.2,0,1.6,1.7,10339Brandon Guyer,Rays,97,294,3,37,26,6,5.40%,17.70%,0.1,0.322,0.266,0.334,0.367,0.316,105,5.1,6.8,-0.3,1.7,2636Jed Lowrie,Athletics,136,566,6,59,50,0,9.00%,14.00%,0.106,0.281,0.249,0.321,0.355,0.3,95,-2.5,-5.9,3.8,1.7,4418Conor Gillaspie,White Sox,130,506,7,50,57,0,7.10%,15.40%,0.134,0.325,0.282,0.336,0.416,0.33,111,-1.2,4.7,-5,1.7,9009Mike Zunino,Mariners,131,476,22,51,60,0,3.60%,33.20%,0.205,0.248,0.199,0.254,0.404,0.29,87,-1.5,-8.2,8.9,1.7,13265Michael McKenry,Rockies,57,192,8,23,22,0,11.50%,21.90%,0.196,0.381,0.315,0.398,0.512,0.4,140,-1.9,6.7,3.1,1.7,9628Adam Lind,Blue Jays,96,318,6,38,40,0,8.80%,15.10%,0.159,0.369,0.321,0.381,0.479,0.376,142,0.4,15.2,-9.6,1.7,8027Tyler Flowers,White Sox,127,442,15,42,50,0,5.70%,36.00%,0.155,0.355,0.241,0.297,0.396,0.308,96,-3.5,-5.5,7.2,1.7,9134Kristopher Negron,Reds,49,158,6,19,17,5,7.60%,25.30%,0.208,0.337,0.271,0.331,0.479,0.356,126,2.1,6.7,4.1,1.7,5306John Jaso,Athletics,99,344,9,42,40,2,8.10%,17.40%,0.166,0.3,0.264,0.337,0.43,0.339,122,0.4,8.6,-4.1,1.7,5887Jon Jay,Cardinals,140,468,3,52,46,6,6.00%,16.70%,0.075,0.363,0.303,0.372,0.378,0.336,115,-3.7,4.3,-3.1,1.7,5227Yangervis Solarte,- - -,131,535,10,56,48,0,9.90%,10.80%,0.109,0.275,0.26,0.336,0.369,0.317,103,-2.2,-0.4,-0.9,1.7,5352Joe Mauer,Twins,120,518,4,60,55,3,11.60%,18.50%,0.095,0.342,0.277,0.361,0.371,0.322,105,3.3,5.9,-7.1,1.7,1857Coco Crisp,Athletics,126,536,9,68,47,19,12.30%,12.30%,0.117,0.266,0.246,0.336,0.363,0.314,104,4.7,7.2,-8.9,1.7,1572Aramis Ramirez,Brewers,133,531,15,47,66,3,4.00%,14.10%,0.142,0.31,0.285,0.33,0.427,0.334,109,-6,-0.5,-0.4,1.7,1002Andrelton Simmons,Braves,146,576,7,44,46,4,5.60%,10.40%,0.087,0.263,0.244,0.286,0.331,0.273,71,-3.3,-22,19.7,1.7,10847David Wright,Mets,134,586,8,54,63,8,7.20%,19.30%,0.105,0.325,0.269,0.324,0.374,0.308,99,-4.5,-5.1,2.2,1.6,3787Brett Lawrie,Blue Jays,70,282,12,27,38,0,5.70%,17.40%,0.174,0.26,0.247,0.301,0.421,0.32,103,1.4,2.3,3.6,1.6,5247Bryce Harper,Nationals,100,395,13,41,32,2,9.60%,26.30%,0.151,0.352,0.273,0.344,0.423,0.338,115,-0.3,6.3,-3.5,1.6,11579Michael Morse,Giants,131,482,16,48,61,0,6.40%,25.10%,0.196,0.348,0.279,0.336,0.475,0.355,132,-5.4,11.9,-11.7,1.6,3035Wilson Ramos,Nationals,88,361,11,32,47,0,4.70%,15.80%,0.132,0.29,0.267,0.299,0.399,0.306,93,-3.8,-6.8,10.6,1.6,1433Travis Snider,Pirates,140,359,13,37,38,1,9.50%,18.70%,0.174,0.298,0.264,0.338,0.438,0.343,122,0.4,9.1,-5.3,1.6,2830Lonnie Chisenhall,Indians,142,533,13,62,59,3,7.30%,18.60%,0.146,0.328,0.28,0.343,0.427,0.34,117,0.6,10.6,-12.8,1.6,7571Michael Cuddyer,Rockies,49,205,10,32,31,3,6.80%,14.60%,0.247,0.351,0.332,0.376,0.579,0.414,150,0.5,12,-3.9,1.6,1534Jason Castro,Astros,126,512,14,43,56,1,6.60%,29.50%,0.144,0.294,0.222,0.286,0.366,0.291,86,0.2,-7.5,5.3,1.5,8722Colby Rasmus,Blue Jays,104,376,18,45,40,4,7.70%,33.00%,0.223,0.294,0.225,0.287,0.448,0.321,104,3,4.7,-2.8,1.5,9893Martin Prado,- - -,143,573,12,62,58,3,4.50%,14.00%,0.131,0.31,0.282,0.321,0.412,0.324,102,-2.4,-1.1,-2.8,1.5,3312Matt Joyce,Rays,140,493,9,51,52,2,12.60%,22.50%,0.129,0.316,0.254,0.349,0.383,0.325,111,1.1,7.2,-9.2,1.5,3353Ruben Tejada,Mets,119,419,5,30,34,1,11.90%,17.40%,0.073,0.283,0.237,0.342,0.31,0.292,88,-3.1,-8.7,9.5,1.5,5519Jarrod Saltalamacchia,Marlins,114,435,11,43,44,0,12.60%,32.90%,0.142,0.317,0.22,0.32,0.362,0.304,93,-1.1,-4.3,4.6,1.5,5557Chris Owings,Diamondbacks,91,332,6,34,26,8,4.80%,20.20%,0.145,0.314,0.261,0.3,0.406,0.311,91,1,-2.2,5.6,1.5,10030Khris Davis,Brewers,144,549,22,70,69,4,5.80%,22.20%,0.214,0.275,0.244,0.299,0.457,0.33,107,-2.1,2.2,-5.6,1.4,9112Collin Cowgill,Angels,106,293,5,37,21,4,8.90%,25.30%,0.104,0.331,0.25,0.33,0.354,0.311,103,3.2,4,-0.6,1.4,7250Brandon Phillips,Reds,121,499,8,44,51,2,4.60%,14.80%,0.106,0.298,0.266,0.306,0.372,0.3,88,-3,-9.8,7.3,1.4,791Cliff Pennington,Diamondbacks,68,201,2,21,10,6,10.00%,17.90%,0.096,0.309,0.254,0.34,0.35,0.314,94,3,1.6,4.8,1.4,3395Josh Willingham,- - -,92,364,14,48,40,2,14.60%,28.00%,0.182,0.269,0.215,0.346,0.397,0.333,112,2.4,7.1,-6.2,1.4,2103Stephen Vogt,Athletics,84,287,9,26,35,1,5.60%,13.60%,0.152,0.297,0.279,0.321,0.431,0.329,115,1.6,6.3,-3.1,1.3,5000Zack Cozart,Reds,147,543,4,48,38,7,4.60%,14.50%,0.079,0.255,0.221,0.268,0.3,0.254,56,3,-23.8,19.6,1.3,2616Joe Panik,Giants,73,287,1,31,18,0,5.60%,11.50%,0.063,0.343,0.305,0.343,0.368,0.317,106,1.5,3.4,-0.1,1.3,11936Marwin Gonzalez,Astros,103,310,6,33,23,2,5.50%,18.70%,0.123,0.33,0.277,0.327,0.4,0.324,110,-0.2,3.1,-0.9,1.3,5497Charlie Blackmon,Rockies,154,648,19,82,72,28,4.80%,14.80%,0.152,0.315,0.288,0.335,0.44,0.339,99,3.5,2.8,-10.4,1.3,7859Craig Gentry,Athletics,94,258,0,38,12,20,6.60%,17.10%,0.034,0.314,0.254,0.319,0.289,0.276,78,7.1,0.8,2.9,1.3,9571Rickie Weeks Jr.,Brewers,121,286,8,36,29,3,8.70%,25.50%,0.179,0.355,0.274,0.357,0.452,0.359,126,0,8.5,-5.6,1.3,1849Travis d'Arnaud,Mets,108,421,13,48,41,1,7.60%,15.20%,0.174,0.259,0.242,0.302,0.416,0.313,102,-2.9,-1.8,0.6,1.3,7739Dustin Ackley,Mariners,143,542,14,64,65,8,5.90%,16.60%,0.153,0.273,0.245,0.293,0.398,0.305,98,1.5,0.3,-5.9,1.3,10099Francisco Cervelli,Yankees,49,162,2,18,13,1,6.80%,25.30%,0.13,0.408,0.301,0.37,0.432,0.358,130,-1.8,3.7,2.6,1.2,5275Brad Miller,Mariners,123,411,10,47,36,4,8.30%,23.10%,0.144,0.268,0.221,0.288,0.365,0.29,87,2.3,-3.5,1.7,1.2,12775Peter Bourjos,Cardinals,119,294,4,32,24,9,6.80%,26.50%,0.117,0.311,0.231,0.294,0.348,0.287,81,2.3,-3.8,5.9,1.2,2578Curtis Granderson,Mets,155,654,20,73,66,8,12.10%,21.60%,0.161,0.265,0.227,0.326,0.388,0.32,107,3,8.4,-17.2,1.2,4747David Lough,Orioles,112,197,4,31,16,8,7.60%,16.80%,0.138,0.283,0.247,0.309,0.385,0.309,95,2.8,1.7,2.9,1.2,7215Juan Francisco,Blue Jays,106,320,16,40,43,0,8.40%,36.30%,0.237,0.297,0.22,0.291,0.456,0.327,108,0.2,3,-2.6,1.2,6978Wilmer Flores,Mets,78,274,6,28,29,1,4.40%,11.30%,0.127,0.265,0.251,0.286,0.378,0.291,87,0.1,-3.8,6,1.1,5827Ryan Zimmerman,Nationals,61,240,5,26,38,0,9.20%,15.40%,0.168,0.313,0.28,0.342,0.449,0.346,120,-0.6,4.8,-1.5,1.1,4220Austin Jackson,- - -,154,656,4,71,47,20,7.20%,22.00%,0.09,0.325,0.256,0.308,0.347,0.292,86,3.7,-6.3,-4.1,1.1,9848Torii Hunter,Tigers,142,586,17,71,83,4,3.90%,15.20%,0.16,0.311,0.286,0.319,0.446,0.335,114,-3.1,6.2,-14.5,1.1,731Josh Hamilton,Angels,89,381,10,43,44,3,8.40%,28.30%,0.151,0.35,0.263,0.331,0.414,0.325,113,-2.4,3,-4.8,1.1,1875Ryan Braun,Brewers,135,580,19,68,81,11,7.10%,19.50%,0.187,0.304,0.266,0.324,0.453,0.34,113,-6.2,2.5,-9.9,1.1,3410Darwin Barney,- - -,94,262,3,24,23,1,6.50%,13.00%,0.101,0.267,0.241,0.3,0.342,0.285,80,2.1,-3.9,6,1.1,2430Ichiro Suzuki,Yankees,143,385,1,42,22,15,5.50%,17.70%,0.056,0.346,0.284,0.324,0.34,0.296,88,3.3,-1.9,-0.2,1.1,1101Miguel Montero,Diamondbacks,136,560,13,40,72,0,10.00%,17.30%,0.127,0.275,0.243,0.329,0.37,0.307,89,-5.6,-12.3,5.5,1.1,3364Ryan Hanigan,Rays,84,263,5,18,34,1,11.80%,14.80%,0.107,0.24,0.218,0.318,0.324,0.295,90,-2.3,-5.1,6.4,1,4952Matt den Dekker,Mets,53,174,0,23,7,7,12.10%,19.50%,0.072,0.322,0.25,0.345,0.322,0.307,98,3.1,2.7,1.4,1,11385Jose Ramirez,Indians,68,266,2,27,17,10,4.90%,13.20%,0.084,0.297,0.262,0.3,0.346,0.288,81,2.4,-3.2,4.2,1,13510Mark Reynolds,Brewers,130,433,22,47,45,5,10.90%,28.20%,0.198,0.218,0.196,0.287,0.394,0.302,87,1,-5.3,1.4,1,7619Yasmani Grandal,Padres,128,443,15,47,49,3,13.10%,26.00%,0.175,0.277,0.225,0.327,0.401,0.324,110,-3.1,1.9,-6.1,1,11368David Peralta,Diamondbacks,88,348,8,40,36,6,4.60%,17.20%,0.164,0.328,0.286,0.32,0.45,0.337,109,0.1,3.7,-5.1,1,2136Rougned Odor,Rangers,114,417,9,39,48,4,4.10%,17.00%,0.142,0.294,0.259,0.297,0.402,0.306,91,-0.8,-4.9,0.8,1,12282Chris Stewart,Pirates,49,154,0,9,10,0,7.80%,17.50%,0.037,0.364,0.294,0.362,0.331,0.311,100,-0.6,-0.6,4.9,1,3878Chris Taylor,Mariners,47,151,0,16,9,5,7.30%,25.80%,0.059,0.398,0.287,0.347,0.346,0.313,103,1.8,2.3,1.9,1,13757Andre Ethier,Dodgers,130,380,4,29,42,2,8.20%,19.50%,0.12,0.307,0.249,0.322,0.37,0.307,99,-1.1,-1.5,-1,1,6265Adam Rosales,Rangers,56,181,4,20,19,4,7.20%,23.20%,0.116,0.331,0.262,0.328,0.378,0.318,99,1.1,0.8,2,0.9,9682Chris Davis,Orioles,127,525,26,65,72,2,11.40%,33.00%,0.209,0.242,0.196,0.3,0.404,0.308,94,0.4,-2.9,-5.2,0.9,9272Anthony Gose,Blue Jays,94,274,2,31,13,15,9.10%,27.00%,0.067,0.317,0.226,0.311,0.293,0.279,75,1.5,-6.1,5.9,0.9,5097Oswaldo Arcia,Twins,103,410,20,46,57,1,7.60%,31.00%,0.22,0.292,0.231,0.3,0.452,0.328,108,-0.1,3.6,-8.2,0.9,10306Delmon Young,Orioles,83,255,7,27,30,2,3.90%,20.00%,0.14,0.359,0.302,0.337,0.442,0.345,120,0.1,5.7,-5.5,0.9,2140Anthony Recker,Mets,58,189,7,18,27,1,5.30%,33.90%,0.172,0.267,0.201,0.246,0.374,0.273,75,1,-4.3,6.7,0.9,4063Eugenio Suarez,Tigers,85,277,4,33,23,3,7.90%,24.20%,0.094,0.316,0.242,0.316,0.336,0.295,86,0.4,-3.8,3.1,0.9,12552Chris Young,- - -,111,366,11,40,38,8,8.70%,19.10%,0.163,0.247,0.222,0.299,0.385,0.303,95,1.3,-0.9,-2.2,0.9,3882James Loney,Rays,155,651,9,59,69,4,6.30%,12.30%,0.09,0.319,0.29,0.336,0.38,0.318,106,-5.7,-1.1,-11.5,0.9,4556Alejandro De Aza,- - -,142,528,8,56,41,17,7.40%,22.50%,0.134,0.317,0.252,0.314,0.386,0.31,97,-2.2,-4.2,-4.8,0.8,3371Donovan Solano,Marlins,111,340,3,26,28,1,5.60%,17.90%,0.071,0.304,0.252,0.3,0.323,0.281,77,-0.2,-8.8,5.9,0.8,8623Eric Young,Mets,100,316,1,48,17,30,7.60%,19.00%,0.082,0.285,0.229,0.299,0.311,0.275,77,4.8,-3.5,1.4,0.8,7158Joey Votto,Reds,62,272,6,32,23,1,17.30%,18.00%,0.155,0.299,0.255,0.39,0.409,0.359,128,-3.9,4.6,-5.5,0.8,4314Logan Morrison,Mariners,99,365,11,41,38,5,6.60%,16.20%,0.158,0.287,0.262,0.315,0.42,0.324,111,-1.7,2.9,-7.2,0.8,9205Caleb Joseph,Orioles,82,275,9,22,28,0,6.20%,25.10%,0.146,0.246,0.207,0.264,0.354,0.275,71,-3.1,-11.7,10.2,0.8,7087Carlos Corporan,Astros,55,190,6,22,19,0,7.40%,19.50%,0.141,0.264,0.235,0.302,0.376,0.303,95,-0.8,-1.8,2.8,0.8,5587Brandon Belt,Giants,61,235,12,30,27,3,7.70%,27.20%,0.206,0.288,0.243,0.306,0.449,0.33,115,-1.7,2.2,-2.5,0.7,10264Will Venable,Padres,146,448,8,47,33,11,7.40%,23.90%,0.101,0.283,0.224,0.288,0.325,0.275,77,1.4,-10.3,3.5,0.7,211Gerardo Parra,- - -,150,574,9,64,40,9,5.60%,17.40%,0.108,0.306,0.261,0.308,0.369,0.298,84,-0.8,-11.4,0.7,0.7,8553Alexi Amarista,Padres,148,466,5,39,40,12,6.20%,14.80%,0.076,0.271,0.239,0.286,0.314,0.265,70,4,-11.8,4.4,0.7,9063Ramon Santiago,Reds,75,214,2,20,17,2,11.20%,17.80%,0.078,0.3,0.246,0.343,0.324,0.307,92,-0.6,-2.4,2.5,0.7,1417Mark Teixeira,Yankees,123,508,22,56,62,1,11.40%,21.50%,0.182,0.233,0.216,0.313,0.398,0.316,102,-4.4,-3.5,-6.1,0.7,1281Ryan Flaherty,Orioles,102,312,7,33,32,1,7.10%,21.80%,0.135,0.266,0.221,0.288,0.356,0.287,79,2.6,-4.6,1.1,0.7,7888Chris Heisey,Reds,119,299,8,34,22,9,5.00%,21.40%,0.156,0.259,0.222,0.265,0.378,0.284,77,1,-6.8,4,0.7,3978Arismendy Alcantara,Cubs,70,300,10,31,29,8,5.70%,31.00%,0.162,0.266,0.205,0.254,0.367,0.275,72,2.8,-6.5,3.6,0.7,10711Jason Kipnis,Indians,129,555,6,61,41,22,9.00%,18.00%,0.09,0.288,0.24,0.31,0.33,0.289,82,4.9,-6.3,-5.1,0.7,9776Christian Vazquez,Red Sox,55,201,1,15,20,0,9.50%,16.40%,0.069,0.283,0.24,0.308,0.309,0.277,70,-1.4,-8,7.8,0.7,9774Ike Davis,- - -,143,427,11,43,51,0,14.80%,18.30%,0.144,0.265,0.233,0.344,0.378,0.324,109,-2.4,1.8,-8.8,0.6,8433Kelly Johnson,- - -,106,297,7,29,27,2,9.80%,23.90%,0.147,0.266,0.215,0.296,0.362,0.296,87,1.1,-3.2,-0.7,0.6,2234Danny Espinosa,Nationals,114,364,8,31,27,8,4.90%,33.50%,0.132,0.319,0.219,0.283,0.351,0.28,75,0.9,-9.5,3.9,0.6,9219Robbie Grossman,Astros,103,422,6,42,37,9,13.00%,24.90%,0.1,0.311,0.233,0.337,0.333,0.306,97,-1.7,-2.9,-5.1,0.6,5254Tommy Medica,Padres,102,259,9,31,27,6,5.40%,29.00%,0.175,0.299,0.233,0.286,0.408,0.307,98,1.5,1,-3.7,0.6,11147Cody Asche,Phillies,121,434,10,43,46,0,7.60%,23.50%,0.139,0.315,0.252,0.309,0.39,0.308,95,-0.6,-3,-5.1,0.6,11997Jose Lobaton,Nationals,66,230,2,18,12,0,6.50%,26.50%,0.07,0.318,0.234,0.287,0.304,0.266,65,-0.8,-9.7,7.8,0.5,4243Abraham Almonte,- - -,59,220,3,19,15,4,5.50%,27.30%,0.103,0.31,0.23,0.275,0.333,0.272,75,-2.2,-8.4,6.5,0.5,5486Jake Marisnick,- - -,65,237,3,21,19,11,3.40%,28.30%,0.077,0.338,0.249,0.281,0.326,0.265,69,1,-7.3,4.9,0.5,11339Danny Valencia,- - -,86,284,4,20,30,1,4.90%,21.80%,0.114,0.317,0.258,0.296,0.371,0.295,85,-3.6,-8.3,4.1,0.5,6364Michael Bourn,Indians,106,487,3,57,28,10,7.20%,23.40%,0.104,0.337,0.257,0.314,0.36,0.3,90,0.8,-4.8,-5.7,0.5,6387John Mayberry,- - -,78,168,7,15,23,0,11.90%,20.80%,0.212,0.229,0.212,0.31,0.425,0.326,108,0.1,1.5,-2,0.5,3390David DeJesus,Rays,83,273,6,24,19,0,11.00%,15.80%,0.155,0.28,0.248,0.344,0.403,0.335,118,-2,3.3,-7.3,0.5,1825Omar Infante,Royals,135,575,6,50,66,9,5.70%,11.80%,0.085,0.275,0.252,0.295,0.337,0.28,74,2,-14.4,0.8,0.5,1609Marcus Semien,White Sox,64,255,6,30,28,3,8.20%,27.50%,0.139,0.31,0.234,0.3,0.372,0.301,91,0.1,-2.5,-1.1,0.5,12533Justin Ruggiano,Cubs,81,250,6,29,28,2,7.20%,28.00%,0.147,0.375,0.281,0.337,0.429,0.337,115,-1.3,2.9,-6,0.5,7620Gregory Polanco,Pirates,89,312,7,50,33,14,9.60%,18.90%,0.108,0.272,0.235,0.307,0.343,0.293,87,4.3,-0.1,-4.9,0.5,12907Kennys Vargas,Twins,53,234,9,26,38,0,5.10%,26.90%,0.181,0.34,0.274,0.316,0.456,0.334,113,0.5,3.8,-7,0.5,12101Wilin Rosario,Rockies,106,410,13,46,54,1,5.60%,17.10%,0.168,0.293,0.267,0.305,0.435,0.319,85,-3.8,-10.6,2.4,0.5,8002Yonder Alonso,Padres,84,288,7,27,27,6,5.90%,12.50%,0.157,0.251,0.24,0.285,0.397,0.299,93,1.1,-1.3,-3.3,0.4,2530Adeiny Hechavarria,Marlins,146,574,1,53,34,7,4.50%,15.00%,0.08,0.323,0.276,0.308,0.356,0.29,84,-1.3,-11.8,-1.4,0.4,10459Brandon Hicks,Giants,71,242,8,27,22,0,13.20%,31.80%,0.157,0.208,0.162,0.28,0.319,0.271,74,1.4,-5.6,2.3,0.4,4003Adam Dunn,- - -,131,511,22,49,64,1,13.90%,31.10%,0.196,0.286,0.219,0.337,0.415,0.334,114,-3.5,4.4,-16.5,0.4,319Yunel Escobar,Rays,137,529,7,33,39,1,8.10%,11.30%,0.082,0.282,0.258,0.324,0.34,0.299,93,-2.5,-6.8,-6.1,0.4,4191Shin-Soo Choo,Rangers,123,529,13,58,40,3,11.00%,24.80%,0.132,0.308,0.242,0.34,0.374,0.321,101,1.2,2.1,-15.1,0.4,3174Eric Campbell,Mets,85,211,3,16,16,3,8.10%,26.10%,0.095,0.348,0.263,0.322,0.358,0.305,97,-0.4,-1.2,-1.6,0.4,6938Mike Moustakas,Royals,140,500,15,45,54,1,7.00%,14.80%,0.149,0.22,0.212,0.271,0.361,0.281,75,-1.9,-15.8,3.6,0.4,4892Derek Dietrich,Marlins,49,183,5,31,17,1,7.10%,20.80%,0.158,0.27,0.228,0.326,0.386,0.322,106,1.7,2.9,-4.9,0.4,10542Nicholas Castellanos,Tigers,148,579,11,50,66,2,6.20%,24.20%,0.135,0.326,0.259,0.306,0.394,0.307,95,-2.8,-6.2,-8.5,0.4,11737Jonathan Schoop,Orioles,137,481,16,48,45,2,2.70%,25.40%,0.145,0.249,0.209,0.244,0.354,0.265,64,0.9,-17.9,6.2,0.4,11265Chris Johnson,Braves,153,611,10,43,58,6,3.80%,26.00%,0.098,0.345,0.263,0.292,0.361,0.289,82,-2.8,-15.3,0.3,0.4,1191Munenori Kawasaki,Blue Jays,82,274,0,31,17,1,8.00%,17.90%,0.038,0.323,0.258,0.327,0.296,0.286,79,0.9,-5.3,-0.1,0.4,13047Ryan Sweeney,Cubs,77,226,3,22,20,0,6.60%,14.60%,0.087,0.285,0.251,0.304,0.338,0.285,79,1.1,-4.2,0.5,0.4,6352Ramiro Pena,Braves,81,165,3,9,9,1,7.90%,23.00%,0.102,0.308,0.245,0.304,0.347,0.285,79,1.3,-2.6,0.8,0.3,8841Hank Conger,Angels,80,260,4,24,25,0,8.50%,21.90%,0.104,0.275,0.221,0.293,0.325,0.28,81,-1.9,-7.2,2,0.3,2505Didi Gregorius,Diamondbacks,80,299,6,35,27,3,7.40%,17.40%,0.137,0.257,0.226,0.29,0.363,0.287,75,3.9,-4.4,-1.6,0.3,6012Garrett Jones,Marlins,146,547,15,59,53,0,8.40%,21.20%,0.165,0.29,0.246,0.309,0.411,0.316,101,-1.9,-1.1,-12.5,0.3,2714Nick Hundley,- - -,83,233,6,18,22,1,4.30%,27.00%,0.115,0.309,0.243,0.273,0.358,0.279,75,-1.2,-7.6,3.2,0.3,3376Pedro Alvarez,Pirates,122,445,18,46,56,8,10.10%,25.40%,0.173,0.277,0.231,0.312,0.405,0.316,103,-1.4,0.1,-10.7,0.3,2495Cameron Maybin,Padres,95,272,1,24,15,4,7.00%,20.60%,0.096,0.297,0.235,0.29,0.331,0.275,77,-0.6,-7.7,2.3,0.3,5223DJ LeMahieu,Rockies,149,538,5,59,42,10,6.10%,18.00%,0.081,0.322,0.267,0.315,0.348,0.292,66,-2,-22.2,8.7,0.3,9874David Ross,Red Sox,50,171,7,16,15,0,9.40%,33.90%,0.184,0.239,0.184,0.26,0.368,0.278,71,0.6,-4.9,2.2,0.3,1551Brian Roberts,Yankees,91,348,5,40,21,7,8.00%,15.20%,0.123,0.269,0.237,0.3,0.36,0.294,86,0.1,-5.3,-3,0.3,166Alex Rios,Rangers,131,521,4,54,54,17,4.40%,17.90%,0.118,0.335,0.28,0.311,0.398,0.309,93,-0.1,-4.1,-9.8,0.3,2090Jonny Gomes,- - -,112,321,6,28,37,0,10.90%,27.40%,0.095,0.312,0.234,0.327,0.33,0.297,86,1.9,-3.2,-4.4,0.3,1845Jeff Mathis,Marlins,64,195,2,12,12,0,7.70%,32.80%,0.074,0.303,0.2,0.263,0.274,0.241,50,0.2,-10.7,7.2,0.3,3448Sean Rodriguez,Rays,96,259,12,30,41,2,3.90%,25.50%,0.232,0.235,0.211,0.258,0.443,0.305,97,-0.2,-1.1,-4.8,0.2,6589Drew Butera,Dodgers,61,192,3,16,14,0,8.90%,21.40%,0.1,0.227,0.188,0.267,0.288,0.252,61,-0.5,-8.8,5.3,0.2,3411Efren Navarro,Angels,64,174,1,17,14,1,7.50%,15.50%,0.094,0.29,0.245,0.302,0.34,0.284,84,1.1,-1.9,-1.5,0.2,9854Jordan Schafer,- - -,104,240,1,26,15,30,9.20%,20.00%,0.067,0.304,0.238,0.31,0.305,0.279,75,4.5,-2.2,-3.5,0.2,9883Jackie Bradley Jr.,Red Sox,127,423,1,45,30,8,7.30%,28.60%,0.068,0.284,0.198,0.265,0.266,0.243,46,0.6,-24.6,13,0.2,12984Nick Punto,Athletics,73,224,2,21,14,3,11.20%,25.00%,0.086,0.279,0.207,0.296,0.293,0.271,74,-0.9,-7.2,1.8,0.2,1429Derek Jeter,Yankees,145,634,4,47,50,10,5.50%,13.70%,0.057,0.294,0.256,0.304,0.313,0.279,75,0.3,-16.9,-1.5,0.2,826Daniel Robertson,Rangers,70,197,0,23,21,6,8.60%,14.20%,0.062,0.32,0.271,0.333,0.333,0.301,88,-0.8,-3.5,-1.2,0.2,6266Tommy La Stella,Braves,93,360,1,22,31,2,10.00%,11.10%,0.066,0.283,0.251,0.328,0.317,0.292,84,-4.4,-10.9,1.5,0.2,12371Aaron Hicks,Twins,69,225,1,22,18,4,16.00%,24.90%,0.059,0.3,0.215,0.341,0.274,0.291,83,1.3,-3,-2.8,0.1,5297Jean Segura,Brewers,146,557,5,61,31,20,5.00%,12.60%,0.08,0.275,0.246,0.289,0.326,0.272,67,1.9,-18.9,3.4,0.1,5933Andrew Romine,Tigers,94,273,2,30,12,12,6.60%,22.00%,0.048,0.291,0.227,0.279,0.275,0.253,57,2.7,-10.2,2.8,0.1,1159Eduardo Nunez,Twins,72,213,4,26,24,9,2.30%,14.60%,0.132,0.278,0.25,0.271,0.382,0.287,80,1.5,-3.2,-2.5,0.1,6848Brandon Barnes,Rockies,132,313,8,37,27,5,4.80%,31.90%,0.168,0.364,0.257,0.293,0.425,0.315,83,-1.4,-7.6,-0.8,0.1,629Eric Sogard,Athletics,117,329,1,38,22,11,9.40%,11.20%,0.045,0.251,0.223,0.298,0.268,0.262,68,2.5,-9.1,-0.3,0.1,7927Xander Bogaerts,Red Sox,144,594,12,60,46,2,6.60%,23.20%,0.123,0.296,0.24,0.297,0.362,0.294,81,0.6,-11.6,-6.3,0.1,12161Endy Chavez,Mariners,80,258,2,22,23,5,5.80%,11.60%,0.095,0.307,0.276,0.317,0.371,0.305,98,-1.9,-2.4,-4.9,0.1,768Chris Parmelee,Twins,87,270,7,27,28,0,6.30%,23.70%,0.128,0.317,0.256,0.307,0.384,0.308,95,-3,-4.5,-3.2,0.1,2554Miguel Rojas,Dodgers,85,162,1,16,9,0,6.20%,17.30%,0.04,0.217,0.181,0.242,0.221,0.213,35,-0.5,-12.4,8.2,0.1,7802Steve Tolleson,Blue Jays,109,189,3,21,16,3,6.30%,25.90%,0.118,0.336,0.253,0.308,0.371,0.303,91,-2.2,-4.1,-1.1,0.1,4450Jonathan Villar,Astros,87,289,7,31,27,17,6.60%,27.70%,0.144,0.271,0.209,0.267,0.354,0.275,76,2.8,-4.9,-3.5,0.1,10071Ed Lucas,Marlins,69,189,1,19,9,1,4.20%,25.40%,0.045,0.338,0.251,0.283,0.296,0.261,64,0.7,-6.9,1.9,0.1,7532Josmil Pinto,Twins,57,197,7,25,18,0,12.20%,25.40%,0.172,0.261,0.219,0.315,0.391,0.315,100,-1.5,-1.5,-4.4,0,6806Gaby Sanchez,Pirates,123,290,7,31,33,2,7.90%,20.00%,0.156,0.265,0.229,0.293,0.385,0.301,93,-0.5,-2.8,-5.8,0,3361Chris Denorfia,- - -,121,358,3,36,21,9,7.00%,19.60%,0.088,0.283,0.23,0.284,0.318,0.271,74,0.8,-9.8,-1.2,0,4400Melvin Upton Jr.,Braves,141,582,12,67,35,20,9.80%,29.70%,0.125,0.286,0.208,0.287,0.333,0.277,74,2.7,-14.5,-3,0,5015Josh Thole,Blue Jays,57,150,0,11,7,0,9.30%,16.70%,0.03,0.306,0.248,0.32,0.278,0.276,73,-2.6,-7.1,2.2,0,9689Avisail Garcia,White Sox,46,190,7,19,29,4,7.40%,23.20%,0.169,0.285,0.244,0.305,0.413,0.316,101,-1.2,-1.1,-5.6,-0.1,5760Jeff Baker,Marlins,90,225,3,27,28,1,5.80%,22.70%,0.13,0.331,0.264,0.307,0.394,0.306,95,-1.3,-2.6,-5.1,-0.1,2073Logan Forsythe,Rays,110,336,6,32,26,2,7.40%,21.10%,0.106,0.268,0.223,0.287,0.329,0.278,78,-1.3,-9.4,-2.1,-0.1,7185Moises Sierra,- - -,96,170,2,22,9,3,4.70%,25.30%,0.112,0.299,0.23,0.265,0.342,0.268,68,0.2,-5.9,-0.4,-0.1,6050Daniel Descalso,Cardinals,104,184,0,20,10,1,10.90%,17.90%,0.068,0.305,0.242,0.333,0.311,0.297,88,-0.8,-3.2,-3.4,-0.1,8392David Murphy,Indians,129,462,8,40,58,2,7.80%,13.20%,0.123,0.285,0.262,0.319,0.385,0.311,97,-2.2,-4,-11.7,-0.1,6035Nate McLouth,Nationals,79,162,1,10,7,4,9.90%,21.60%,0.065,0.221,0.173,0.28,0.237,0.243,50,2.3,-6.8,0.8,-0.1,3190Joaquin Arias,Giants,107,204,0,18,15,1,3.90%,11.30%,0.047,0.285,0.254,0.281,0.301,0.255,64,0.3,-8,0.7,-0.1,3817Jedd Gyorko,Padres,111,443,10,37,51,3,8.10%,22.60%,0.123,0.253,0.21,0.28,0.333,0.275,77,-1.2,-12.8,-1.8,-0.1,10816Wil Myers,Rays,87,361,6,37,35,6,9.40%,24.90%,0.098,0.286,0.222,0.294,0.32,0.275,76,0.2,-9.2,-3.4,-0.1,10047Justin Smoak,Mariners,80,276,7,28,30,0,8.70%,23.90%,0.137,0.243,0.202,0.275,0.339,0.277,78,-0.9,-7.5,-2.6,-0.2,9054C.J. Cron,Angels,79,253,11,28,37,0,4.00%,24.10%,0.194,0.3,0.256,0.289,0.45,0.324,112,-4,-0.6,-8.8,-0.2,12546Don Kelly,Tigers,95,185,0,24,7,6,10.80%,15.70%,0.043,0.299,0.245,0.332,0.288,0.285,80,-0.1,-4.2,-3.2,-0.2,2216Lyle Overbay,Brewers,121,296,4,24,35,2,12.20%,20.30%,0.101,0.287,0.233,0.328,0.333,0.3,86,0.5,-4.2,-6.3,-0.2,1617Eric Hosmer,Royals,131,547,9,54,58,4,6.40%,17.00%,0.127,0.312,0.27,0.318,0.398,0.314,98,-6.2,-7.5,-11.3,-0.2,3516Alex Presley,Astros,89,271,6,22,19,5,4.80%,16.20%,0.102,0.272,0.244,0.281,0.346,0.28,79,0.2,-6.1,-4.1,-0.2,5305Bobby Abreu,Mets,78,155,1,12,14,1,12.90%,13.50%,0.09,0.283,0.248,0.342,0.338,0.309,100,-0.6,-0.6,-6.1,-0.2,945Bryan Holaday,Tigers,62,171,0,14,15,1,4.70%,21.60%,0.045,0.293,0.231,0.266,0.276,0.243,50,-1.5,-10.9,3.5,-0.2,11287Ryan Howard,Phillies,153,648,23,65,95,0,10.30%,29.30%,0.156,0.288,0.223,0.31,0.38,0.306,94,-2.9,-7.2,-14.4,-0.2,2154Gordon Beckham,- - -,127,483,9,53,44,3,4.60%,16.80%,0.121,0.255,0.226,0.271,0.348,0.273,72,-1.5,-16.5,-0.9,-0.2,9015James Jones,Mariners,108,328,0,46,9,27,3.70%,20.40%,0.061,0.318,0.25,0.278,0.311,0.262,68,7.5,-3.9,-8.8,-0.3,9767Gerald Laird,Braves,53,167,0,12,10,0,8.40%,19.80%,0.053,0.261,0.204,0.275,0.257,0.241,49,-1.4,-11,3.1,-0.3,1698Carlos Gonzalez,Rockies,70,281,11,35,38,3,6.80%,24.90%,0.192,0.283,0.238,0.292,0.431,0.315,83,-1,-6.5,-5.1,-0.3,7287Mike Aviles,Indians,113,374,5,38,39,14,3.50%,13.10%,0.096,0.271,0.247,0.273,0.343,0.272,70,1.9,-10.5,-4.4,-0.4,5986Josh Rutledge,Rockies,105,342,4,44,33,2,5.80%,24.30%,0.136,0.353,0.269,0.323,0.405,0.322,87,-0.2,-5.1,-8.6,-0.4,11167Ryan Ludwick,Reds,112,400,9,28,45,0,7.80%,23.50%,0.132,0.302,0.244,0.308,0.375,0.304,90,-4,-8.3,-7.2,-0.4,1260Grady Sizemore,- - -,112,381,5,35,27,6,8.70%,19.90%,0.121,0.285,0.233,0.299,0.354,0.293,83,-0.2,-7.5,-7.8,-0.4,2197Jay Bruce,Reds,137,545,18,71,66,12,8.10%,27.30%,0.156,0.269,0.217,0.281,0.373,0.288,79,2.3,-10.4,-9.7,-0.4,9892Junior Lake,Cubs,108,326,9,30,25,7,4.30%,33.70%,0.14,0.293,0.211,0.246,0.351,0.264,65,1.6,-11.4,-2.2,-0.4,4672Prince Fielder,Rangers,42,178,3,19,16,0,14.00%,13.50%,0.113,0.274,0.247,0.36,0.36,0.305,90,-3,-4.9,-4.5,-0.4,4613Hector Sanchez,Giants,66,177,3,8,28,0,4.50%,31.10%,0.104,0.266,0.196,0.237,0.301,0.237,51,0.2,-9.6,0.4,-0.4,10289Mark Ellis,Cardinals,73,202,0,15,12,4,6.90%,18.80%,0.034,0.225,0.18,0.253,0.213,0.212,30,2.8,-13,2.9,-0.4,1443Jose Tabata,Pirates,80,186,0,14,17,1,3.80%,14.00%,0.052,0.327,0.282,0.314,0.333,0.289,85,-2.3,-5.6,-4.1,-0.4,2411Mike Olt,Cubs,89,258,12,23,33,0,9.70%,38.80%,0.196,0.203,0.16,0.248,0.356,0.27,69,-0.3,-9.4,-2.5,-0.5,10698Aaron Hill,Diamondbacks,133,541,10,52,60,4,5.20%,17.00%,0.124,0.276,0.244,0.287,0.367,0.289,77,-3.1,-17.1,-3.5,-0.5,6104Kevin Frandsen,Nationals,105,236,1,17,17,0,2.50%,11.00%,0.05,0.289,0.259,0.299,0.309,0.275,72,0.1,-7.5,-3.9,-0.5,7528Everth Cabrera,Padres,90,391,3,36,20,18,5.10%,22.00%,0.067,0.294,0.232,0.272,0.3,0.257,64,1.4,-14.5,-1.7,-0.5,8155A.J. Ellis,Dodgers,93,347,3,21,25,0,15.30%,16.40%,0.064,0.225,0.191,0.323,0.254,0.27,73,-8,-18.4,3.5,-0.5,5677Mark Trumbo,Diamondbacks,88,362,14,37,61,2,7.70%,24.60%,0.18,0.274,0.235,0.293,0.415,0.308,90,-3.7,-7.8,-7.5,-0.5,6876Mitch Moreland,Rangers,52,184,2,18,23,0,6.50%,23.40%,0.102,0.315,0.246,0.297,0.347,0.287,78,-2.4,-6.9,-3.6,-0.5,3086Billy Butler,Royals,151,603,9,57,66,0,6.80%,15.90%,0.107,0.31,0.271,0.323,0.379,0.311,96,-7.3,-10.2,-13.5,-0.5,7399Carlos Beltran,Yankees,109,449,15,46,49,3,8.20%,17.80%,0.169,0.252,0.233,0.301,0.402,0.31,97,-5.2,-6.7,-12.2,-0.5,589Jesus Guzman,Astros,69,184,2,10,9,3,10.30%,28.30%,0.061,0.261,0.188,0.272,0.248,0.243,53,0.5,-8.9,-1.7,-0.5,3118Brayan Pena,Reds,115,372,5,23,26,2,5.40%,11.30%,0.101,0.273,0.253,0.291,0.353,0.284,77,-7.3,-17,0.8,-0.5,3231Reed Johnson,Marlins,113,201,2,24,25,0,0.50%,18.40%,0.112,0.278,0.235,0.266,0.348,0.272,71,0.1,-6.4,-4.6,-0.5,1702Ryan Goins,Blue Jays,67,193,1,14,15,0,2.60%,21.80%,0.083,0.237,0.188,0.209,0.271,0.212,28,-0.9,-16.3,5.1,-0.6,9807Chris Colabello,Twins,59,220,6,17,39,0,6.40%,30.00%,0.151,0.308,0.229,0.282,0.38,0.293,84,0,-3.9,-8.2,-0.6,13051Carlos Quentin,Padres,50,155,4,9,18,0,11.00%,21.30%,0.138,0.196,0.177,0.284,0.315,0.274,76,-2.2,-6.5,-3.4,-0.6,6274Cody Ross,Diamondbacks,83,219,2,15,15,0,6.80%,20.10%,0.069,0.312,0.252,0.306,0.322,0.284,73,1.4,-5.2,-6.8,-0.6,1760Tony Cruz,Cardinals,50,150,1,11,17,0,8.70%,18.70%,0.059,0.245,0.2,0.27,0.259,0.242,51,-2.4,-10.7,0.4,-0.6,2802Marc Krauss,Astros,67,208,6,16,21,0,10.10%,26.00%,0.129,0.238,0.194,0.279,0.323,0.275,75,-2.4,-8,-4.3,-0.6,7577Ryan Doumit,Braves,100,166,5,11,17,1,4.20%,29.50%,0.121,0.25,0.197,0.235,0.318,0.244,51,0.9,-8.2,-2.7,-0.6,2113A.J. Pierzynski,- - -,102,362,5,25,37,0,3.90%,14.90%,0.086,0.283,0.251,0.288,0.337,0.277,71,-4.6,-16.3,-0.9,-0.6,746Jason Kubel,Twins,45,176,1,12,13,1,10.80%,33.50%,0.071,0.354,0.224,0.313,0.295,0.278,74,0.8,-4.3,-8.1,-0.8,2161Javier Baez,Cubs,52,229,9,25,20,5,6.60%,41.50%,0.155,0.248,0.169,0.227,0.324,0.248,54,0.8,-11.1,-2.7,-0.8,12979Stephen Drew,- - -,85,300,7,18,26,1,9.00%,25.00%,0.137,0.194,0.162,0.237,0.299,0.238,45,-2.4,-20.5,4,-0.8,4251Skip Schumaker,Reds,83,271,2,22,22,2,6.60%,18.50%,0.073,0.284,0.235,0.287,0.308,0.269,66,0.3,-10,-5.4,-0.8,3704Jordan Pacheco,- - -,69,165,0,10,16,0,5.50%,16.40%,0.078,0.307,0.255,0.299,0.333,0.283,66,-2.1,-8.4,-3.9,-0.8,2677John Baker,Cubs,68,208,0,9,15,0,9.10%,27.90%,0.038,0.278,0.192,0.273,0.231,0.23,41,-1.1,-14.7,0.8,-0.8,4756Will Middlebrooks,Red Sox,63,234,2,14,19,1,6.40%,29.90%,0.074,0.273,0.191,0.256,0.265,0.238,43,-2,-16.7,1.5,-0.9,7002Dayan Viciedo,White Sox,145,563,21,65,58,0,5.70%,21.70%,0.174,0.261,0.231,0.281,0.405,0.301,90,-1.3,-7.3,-18.6,-0.9,3917Dan Uggla,- - -,52,157,2,14,10,0,7.00%,29.30%,0.064,0.202,0.149,0.229,0.213,0.209,28,1.1,-11.6,-1.3,-0.9,3442Oscar Taveras,Cardinals,80,248,3,18,22,0,4.80%,14.90%,0.073,0.272,0.239,0.278,0.312,0.265,67,-2.9,-12.2,-3.6,-0.9,11173Corey Hart,Mariners,68,255,6,17,21,2,6.30%,23.10%,0.116,0.244,0.203,0.271,0.319,0.266,71,-0.6,-8.8,-7.6,-0.9,1945Jon Singleton,Astros,95,362,13,42,44,2,13.80%,37.00%,0.168,0.238,0.168,0.285,0.335,0.283,81,0.8,-6.8,-13,-0.9,10441Alfonso Soriano,Yankees,67,238,6,22,23,1,2.50%,29.80%,0.146,0.288,0.221,0.244,0.367,0.265,66,1.8,-7.2,-8.7,-0.9,847Nate Schierholtz,- - -,122,383,7,32,37,4,5.20%,21.90%,0.113,0.231,0.195,0.243,0.309,0.246,52,0,-20.4,-0.5,-1,6201Paul Konerko,White Sox,81,224,5,15,22,0,4.50%,22.80%,0.111,0.247,0.207,0.254,0.317,0.257,59,-1.8,-11.7,-4.7,-1,242Charlie Culberson,Rockies,95,233,3,17,24,2,5.20%,26.60%,0.095,0.259,0.195,0.253,0.29,0.242,33,1.3,-16.3,-0.3,-1.1,3298J.P. Arencibia,Rangers,63,222,10,20,35,0,4.50%,27.90%,0.192,0.195,0.177,0.239,0.369,0.27,66,-1.5,-9.9,-6.8,-1.1,697Domonic Brown,Phillies,144,512,10,47,63,7,6.60%,17.80%,0.114,0.269,0.235,0.285,0.349,0.28,76,-1.2,-14.8,-10.5,-1.1,3154Stefen Romero,Mariners,72,190,3,19,11,0,2.10%,25.30%,0.107,0.244,0.192,0.234,0.299,0.239,52,-1.4,-11.5,-5.4,-1.2,11746Raul Ibanez,- - -,90,280,5,23,26,3,11.80%,21.10%,0.118,0.197,0.167,0.264,0.285,0.253,60,-1.6,-13.8,-6.4,-1.2,607Leury Garcia,White Sox,74,155,1,13,6,11,3.20%,31.00%,0.041,0.237,0.166,0.192,0.207,0.177,4,2.2,-14.1,-2.3,-1.3,5913Alberto Callaspo,Athletics,127,451,4,37,39,0,8.90%,11.10%,0.067,0.242,0.223,0.29,0.29,0.264,69,-6,-21.3,-4.4,-1.3,3336Ryan Raburn,Indians,74,212,4,18,22,0,6.10%,24.10%,0.097,0.245,0.2,0.25,0.297,0.244,50,-2.3,-13.9,-4.6,-1.3,2218Matt Dominguez,Astros,157,607,16,51,57,0,4.80%,20.60%,0.115,0.244,0.215,0.256,0.33,0.26,65,-6.3,-29.8,-1.4,-1.3,4903Jose Molina,Rays,80,247,0,4,10,3,5.70%,22.30%,0.009,0.233,0.178,0.23,0.187,0.196,21,-1.5,-23,2,-1.5,25Kendrys Morales,- - -,98,401,8,28,42,0,6.70%,17.00%,0.12,0.244,0.218,0.274,0.338,0.271,72,-4,-16.4,-10.3,-1.5,8610Allen Craig,- - -,126,505,8,41,46,2,6.90%,22.40%,0.1,0.266,0.215,0.279,0.315,0.269,68,-6.4,-24.2,-6,-1.6,3433Nick Swisher,Indians,97,401,8,33,42,0,9.00%,27.70%,0.122,0.273,0.208,0.278,0.331,0.274,71,-0.7,-13.5,-15.2,-1.8,4599Michael Choice,Rangers,86,280,9,20,36,1,7.50%,24.60%,0.138,0.208,0.182,0.25,0.32,0.257,57,-2.4,-15.8,-11.5,-2,11376